100 2515
81 85
44 37
96 24
76 47
82 47
93 100
5 52
87 19
94 72
92 67
7 56
66 88
19 64
78 99
96 79
88 60
98 50
56 33
89 100
26 66
21 4
74 50
51 28
74 30
14 12
29 25
84 78
87 14
36 21
47 5
23 43
64 99
9 36
36 70
84 24
58 43
4 96
35 100
15 36
77 64
6 28
67 70
51 91
93 24
41 24
55 66
60 79
34 43
84 74
57 3
89 36
76 21
82 81
75 64
86 19
9 19
3 43
46 85
72 64
21 52
20 67
14 15
44 97
46 8
8 14
52 99
88 64
69 43
83 13
74 3
42 6
8 58
31 43
77 4
75 71
86 64
94 45
49 3
28 93
80 24
22 97
55 94
38 98
40 14
5 4
84 12
55 75
74 99
13 66
57 24
82 13
74 100
44 74
82 93
94 97
28 67
92 46
76 14
8 83
45 21
55 88
37 52
88 97
23 76
28 64
94 67
58 61
60 79
82 13
70 50
6 19
47 28
7 22
86 78
19 64
19 84
95 78
16 69
32 4
97 67
91 4
25 49
55 97
51 63
49 37
45 67
43 71
23 49
4 52
72 67
97 67
75 88
95 80
56 44
87 93
18 47
44 14
26 99
74 4
70 24
54 76
9 85
47 85
68 19
25 5
41 71
24 79
54 23
8 85
53 75
25 80
89 5
40 68
71 24
28 67
76 69
36 12
89 48
18 59
66 63
36 100
35 52
54 62
28 19
83 60
96 50
87 3
77 19
23 64
95 75
5 98
52 100
78 52
14 70
14 72
40 97
64 21
68 72
65 62
4 60
46 13
86 79
75 58
68 63
15 93
5 31
93 71
44 58
40 32
55 44
80 3
8 88
32 67
82 91
5 36
82 4
52 79
11 12
84 63
71 60
88 78
49 66
94 69
82 44
83 60
49 99
51 85
24 60
81 47
33 23
80 93
47 91
39 69
62 46
56 64
19 67
26 88
93 24
47 88
63 70
80 12
77 87
38 61
22 33
38 72
74 93
27 52
8 49
61 100
5 50
77 15
72 84
51 13
64 93
77 5
58 43
69 50
39 58
16 63
94 14
10 75
31 24
64 67
89 70
81 64
93 96
88 64
40 36
90 47
38 79
53 66
97 67
28 60
6 54
63 78
92 39
26 93
4 43
80 61
21 93
90 78
14 63
72 67
42 92
63 48
58 80
38 19
26 72
85 26
30 60
16 5
45 50
51 19
8 83
74 3
68 97
9 76
67 78
45 50
26 87
98 70
30 43
16 21
96 52
63 78
8 69
15 36
26 89
47 85
94 14
85 63
76 40
64 98
8 50
84 35
6 95
67 60
38 28
40 50
72 64
2 72
51 79
48 24
45 84
56 2
73 92
20 57
69 61
68 93
85 89
53 4
92 61
93 60
32 21
8 49
58 98
8 80
3 52
53 67
45 64
40 37
20 78
13 36
81 44
93 3
88 63
91 72
95 18
66 30
67 70
36 21
13 75
95 23
4 3
53 60
84 79
11 30
28 97
26 98
15 63
72 19
53 58
74 48
82 44
89 15
81 36
95 66
64 97
94 70
47 5
89 27
4 3
15 36
27 78
66 28
44 61
86 72
77 59
75 19
47 91
75 66
95 28
69 97
56 73
49 67
4 93
70 79
89 19
52 61
20 50
31 30
80 71
86 12
81 43
84 67
68 97
78 100
37 14
18 81
37 67
5 79
3 24
36 96
49 61
41 60
9 11
40 66
57 3
87 32
18 37
93 43
54 29
70 93
3 61
59 52
8 47
19 97
91 37
68 14
83 72
75 21
30 61
54 26
42 29
74 24
71 79
34 36
46 25
20 67
49 91
9 49
16 69
49 47
82 18
85 36
14 72
58 57
10 95
98 78
40 97
13 12
25 64
4 99
11 91
52 61
51 30
83 87
26 37
55 47
95 49
82 67
10 57
97 36
16 61
96 71
82 13
10 69
56 6
26 30
53 87
24 52
93 61
31 35
47 87
52 100
69 20
87 72
63 52
80 4
5 100
53 75
4 12
50 52
87 28
28 45
89 14
58 5
8 5
63 78
69 63
4 61
8 32
57 24
50 31
28 43
25 9
91 72
97 15
13 81
77 31
55 14
92 67
18 5
69 15
97 34
72 45
5 43
27 70
53 72
55 50
58 87
97 100
3 59
45 3
96 43
43 24
5 79
40 84
30 71
68 28
90 23
97 98
16 79
46 14
23 13
50 24
67 24
64 98
92 18
63 70
8 10
87 72
37 61
87 72
77 88
81 3
57 21
25 66
3 96
46 95
68 72
1 13
88 72
38 28
23 21
94 78
63 4
44 45
27 24
15 21
89 20
30 43
29 28
98 61
97 57
26 66
85 77
75 66
26 24
27 12
29 14
15 99
51 72
26 28
45 19
44 48
11 76
29 8
85 19
14 69
53 100
97 63
26 97
40 88
84 36
69 93
76 91
51 55
97 3
50 99
4 24
46 8
25 99
65 39
27 48
69 78
62 81
52 99
35 59
66 100
97 57
59 100
5 99
40 89
24 59
76 26
96 24
94 28
5 4
8 9
32 67
72 20
24 79
21 4
44 97
74 57
20 70
41 61
31 52
37 79
14 45
78 3
30 43
34 78
77 40
85 68
38 78
4 59
67 98
99 61
21 30
38 5
75 45
4 96
65 72
63 78
68 3
15 36
51 19
43 79
68 19
78 4
46 8
46 10
45 78
64 36
64 78
32 69
18 55
28 32
86 97
28 19
94 74
97 63
5 99
39 13
13 72
66 50
33 8
62 91
62 100
40 87
83 76
90 49
25 91
31 30
32 20
5 24
63 78
2 73
98 78
24 79
18 24
75 89
10 66
15 59
36 3
62 29
66 99
76 36
48 93
90 23
29 44
75 24
33 66
49 3
82 13
35 59
21 61
86 24
62 25
69 63
14 79
15 43
44 98
37 87
19 93
38 30
8 52
94 69
7 44
41 24
52 60
51 64
37 57
27 97
55 32
66 99
51 66
27 50
47 58
96 12
68 14
75 96
70 74
37 24
88 87
29 52
69 79
98 36
56 33
16 5
34 93
52 17
68 98
9 100
48 61
88 28
89 3
88 5
85 19
76 16
98 43
16 64
15 78
84 67
70 43
15 36
69 5
83 97
18 75
50 61
86 84
78 12
87 14
38 93
32 12
69 50
37 68
74 71
8 28
67 99
53 59
68 89
14 4
21 61
13 37
73 78
53 66
53 70
83 97
77 88
2 97
45 5
44 89
75 3
5 99
91 28
73 90
9 11
61 100
69 100
72 19
55 36
36 71
58 69
81 87
25 8
97 67
69 60
93 24
98 24
23 49
90 46
16 69
86 64
36 43
58 3
70 4
57 4
32 5
48 52
20 24
74 43
87 14
9 58
62 25
10 9
43 24
38 72
49 13
14 5
20 67
60 99
32 64
62 52
94 72
14 64
84 97
72 96
23 93
90 81
90 85
52 79
74 100
63 43
81 63
29 68
64 34
13 72
62 29
18 91
78 93
86 97
16 50
97 36
16 24
60 99
53 97
90 77
36 21
54 39
58 63
13 47
32 78
42 46
27 64
46 79
93 24
87 19
49 19
31 43
34 63
24 60
67 24
99 12
3 100
83 100
68 52
97 63
33 42
31 12
69 63
15 78
23 24
37 79
69 97
69 67
73 49
89 5
32 84
68 24
46 30
86 36
93 3
21 79
94 14
96 43
47 87
56 6
3 43
72 64
5 15
14 78
4 3
9 19
63 93
53 70
51 40
35 61
39 25
78 61
90 67
97 4
34 21
28 67
74 4
32 45
5 78
68 64
97 21
75 37
42 92
43 100
35 79
20 71
15 21
53 87
97 98
59 99
27 60
49 13
82 19
16 52
31 79
93 59
81 77
77 94
44 75
75 71
63 78
91 78
64 67
91 63
21 4
66 69
45 67
66 86
58 79
20 100
75 3
64 36
93 52
67 98
74 12
90 8
11 49
4 79
10 88
36 43
55 47
68 97
6 11
58 89
27 57
31 52
71 99
33 39
15 52
98 36
82 13
29 55
25 95
26 24
54 13
63 4
87 72
50 30
94 36
29 78
5 3
5 61
71 24
83 13
35 60
79 100
70 100
29 43
24 52
39 79
14 63
79 99
44 21
66 28
45 5
28 78
53 72
57 59
70 52
20 4
97 57
12 100
9 75
53 61
81 14
14 28
84 5
10 97
24 59
45 19
39 49
3 59
16 17
32 45
36 3
5 61
14 52
16 63
21 99
56 6
29 93
64 79
89 28
86 3
31 30
98 36
75 37
5 96
48 24
92 65
83 86
41 35
27 67
18 14
94 64
9 81
67 50
40 97
98 70
94 43
97 61
19 59
32 84
20 70
65 44
82 50
36 59
38 3
32 71
77 14
74 21
27 5
66 37
93 3
63 52
47 26
84 60
28 72
66 24
60 61
10 95
38 100
38 48
21 4
83 21
40 61
48 52
53 64
72 67
36 30
58 17
64 97
91 63
80 50
95 87
5 24
64 97
46 66
84 99
34 31
84 15
56 95
18 67
98 63
77 74
58 28
34 96
86 98
14 30
24 12
33 85
63 78
20 70
28 5
37 97
36 78
18 88
9 47
24 12
39 9
26 14
52 61
84 21
84 15
48 3
71 52
59 52
43 52
33 39
70 4
91 61
16 61
85 24
10 81
26 37
18 85
94 64
92 63
44 48
45 35
75 37
87 32
59 52
20 71
38 20
14 43
64 93
60 100
75 88
75 100
56 2
86 100
62 67
82 28
20 30
39 3
66 37
47 36
58 14
63 70
5 93
74 43
89 78
67 4
18 93
69 5
44 47
3 99
85 14
21 100
87 96
53 63
68 97
30 61
18 91
98 30
42 39
71 24
68 36
76 30
36 70
60 12
25 95
48 30
86 4
10 55
42 86
82 72
98 36
91 88
57 43
30 61
58 98
98 4
37 97
23 28
32 19
45 60
19 64
84 60
88 97
28 19
5 15
3 52
18 66
27 36
60 79
4 93
80 24
16 64
95 75
74 50
18 69
78 4
86 63
20 52
31 43
34 78
97 43
74 57
40 5
70 50
55 85
29 59
44 60
77 91
81 48
69 3
97 60
21 79
19 84
11 87
18 72
22 44
34 5
78 3
45 3
19 74
24 12
3 71
16 78
3 24
49 100
59 61
69 3
97 78
15 57
69 21
10 9
98 24
3 100
69 5
14 64
40 30
80 61
83 81
53 63
4 93
18 28
89 67
68 58
67 5
20 50
26 78
93 61
19 69
85 57
84 63
72 32
86 57
6 35
9 11
18 47
67 98
13 55
55 28
77 57
47 77
98 52
38 20
90 52
48 79
14 48
19 12
86 21
10 95
48 100
59 52
33 95
44 37
92 100
47 36
14 52
88 100
31 30
38 3
81 44
66 79
28 98
96 71
49 26
31 99
71 100
38 36
34 43
39 76
84 3
83 13
70 96
28 67
8 44
20 63
99 61
18 44
89 78
49 44
18 37
85 70
35 79
8 9
11 88
57 4
15 48
81 70
69 70
86 67
99 61
69 64
21 100
63 78
76 66
37 89
36 79
10 91
54 39
19 64
84 97
84 70
89 19
31 43
33 9
56 66
51 91
63 100
55 81
28 45
28 3
3 52
49 75
22 18
63 70
74 52
64 3
83 36
44 99
36 48
23 9
18 85
89 72
94 87
45 100
31 100
29 21
70 79
8 95
57 21
89 67
31 79
19 5
19 5
11 81
37 87
9 66
14 24
65 62
54 47
60 79
76 82
87 15
60 12
85 87
64 61
3 43
43 100
37 3
45 34
98 36
89 19
8 9
70 17
50 99
68 78
67 15
51 19
5 24
24 59
25 57
7 37
74 43
79 61
11 81
45 70
72 52
57 60
24 12
34 15
55 89
89 14
49 61
15 96
84 93
81 43
66 67
13 81
83 76
21 50
63 59
19 52
81 64
9 3
13 14
96 50
47 85
19 64
49 20
80 70
2 52
51 87
93 12
57 21
43 79
84 97
96 30
15 93
29 60
28 61
94 78
93 24
74 24
97 59
56 19
37 97
79 12
18 91
63 79
40 37
18 85
9 85
11 49
23 63
34 61
14 35
14 78
40 68
61 100
96 30
91 19
50 43
93 79
20 99
78 3
82 75
19 21
53 98
41 61
58 89
29 25
97 21
62 44
63 30
55 44
59 52
58 86
14 19
58 87
66 34
96 12
44 96
14 64
36 78
40 70
81 63
5 48
8 52
15 79
63 4
37 52
27 48
28 97
37 86
16 99
68 14
10 68
6 40
92 58
89 32
6 39
18 24
13 85
70 57
32 52
65 62
5 98
98 57
92 10
80 96
16 64
32 69
95 23
19 74
8 77
36 63
44 45
98 36
15 71
55 77
36 100
49 26
62 83
13 14
44 3
89 97
30 24
6 62
46 25
41 71
71 99
85 14
43 100
76 13
48 79
23 82
74 35
28 79
30 24
34 61
34 15
31 99
20 78
29 23
53 28
60 100
68 64
12 100
38 99
62 95
98 36
60 79
27 20
14 16
14 21
50 79
11 49
32 50
5 74
8 95
24 79
83 91
67 34
87 59
73 47
27 63
35 61
43 100
38 21
96 79
79 61
11 43
64 15
95 55
32 52
86 28
29 13
75 12
85 37
11 76
75 68
25 77
9 47
16 57
80 4
98 57
81 32
18 66
55 93
54 95
17 61
77 72
44 47
45 63
48 61
58 3
41 12
55 47
26 64
46 23
20 78
40 75
27 69
38 67
17 100
88 20
16 24
20 93
4 50
94 100
47 14
50 30
51 14
46 81
96 60
27 30
26 66
8 76
27 24
14 79
57 99
55 91
88 93
32 61
87 97
13 30
86 63
37 89
57 61
5 24
47 87
62 46
70 59
58 28
10 43
95 88
92 75
26 24
67 78
70 50
3 52
38 64
15 70
99 12
94 36
76 85
30 43
66 14
78 57
17 12
86 71
93 3
51 75
37 69
90 93
44 91
3 96
55 19
6 90
22 3
96 52
26 24
69 60
98 48
37 79
48 30
33 77
47 91
39 90
80 71
76 99
8 36
5 78
50 24
98 21
85 97
48 52
19 60
11 52
57 93
67 24
86 72
58 93
7 56
9 44
54 11
38 28
84 15
67 50
16 64
8 23
19 43
65 6
88 37
45 84
46 25
66 88
48 60
64 12
66 3
84 24
36 78
4 3
76 88
81 44
15 71
54 97
39 62
48 96
49 21
67 52
33 72
89 36
34 70
18 55
20 3
73 93
23 9
75 89
82 47
55 63
83 28
88 14
70 59
20 97
48 93
44 86
55 100
17 100
49 4
85 91
86 15
79 61
46 89
38 20
76 37
45 19
4 30
55 5
17 79
46 9
57 12
90 34
76 32
70 50
63 79
40 37
69 24
80 50
21 24
83 18
89 69
77 87
26 87
44 91
18 55
66 19
45 79
63 78
79 12
21 61
20 3
71 59
80 70
43 71
89 4
32 98
11 49
32 64
87 36
58 61
30 61
34 74
75 71
45 20
31 43
57 61
96 60
27 98
51 47
18 52
19 43
85 24
38 93
28 5
83 89
27 5
47 37
80 24
24 99
90 30
95 11
31 30
44 91
63 3
72 48
75 36
83 14
92 64
13 99
71 24
51 14
58 28
76 18
41 30
74 24
17 99
3 79
26 97
72 79
69 57
47 85
96 43
51 82
39 88
91 69
75 61
45 97
8 85
45 69
26 45
70 61
53 30
89 28
84 4
70 4
85 72
87 100
23 89
64 98
19 79
25 21
78 60
87 14
17 100
8 13
58 87
40 28
50 60
34 30
93 35
21 60
68 94
47 20
89 14
51 44
88 36
24 99
55 52
98 63
40 75
78 43
96 61
50 24
64 78
84 71
81 68
15 100
16 15
3 17
16 78
81 37
45 48
56 2
94 19
37 87
76 71
70 74
50 100
41 43
37 4
16 71
42 46
32 98
97 15
94 5
44 91
96 71
40 24
64 57
70 12
69 20
70 43
17 61
34 17
20 5
45 19
87 14
27 30
18 3
85 77
68 3
69 93
26 88
39 46
32 97
82 66
83 91
21 3
60 100
75 66
91 14
87 19
14 4
46 95
33 62
84 24
96 60
27 61
47 30
69 74
69 43
98 100
85 87
14 97
70 48
16 98
50 35
6 62
73 65
44 28
53 59
55 81
14 84
50 60
72 19
36 63
16 64
4 3
90 36
29 100
88 72
19 3
20 3
35 52
36 30
54 21
89 12
38 28
11 85
44 75
15 21
32 61
82 55
54 72
88 72
15 52
34 21
12 100
96 50
95 91
88 4
59 61
64 97
62 44
87 78
15 63
83 4
60 99
14 28
25 47
25 68
10 13
78 93
36 59
57 21
57 60
94 79
73 88
13 37
26 60
18 30
80 4
68 57
49 85
51 91
94 89
25 10
62 46
64 52
50 24
49 85
76 52
8 85
70 79
47 50
47 70
95 4
19 93
79 100
58 57
96 100
94 79
72 99
44 59
75 66
30 52
47 21
66 88
84 79
6 64
51 18
34 93
16 59
40 71
49 36
86 32
17 12
26 58
45 5
4 71
58 14
97 100
46 47
49 77
86 19
53 27
32 45
12 61
86 97
88 57
86 72
38 63
4 61
17 100
38 100
65 19
69 96
71 12
41 59
30 43
77 64
45 59
50 79
88 19
3 24
48 79
39 71
92 37
61 100
53 69
66 15
80 50
76 71
57 100
91 52
36 100
81 91
24 79
47 4
24 99
6 32
20 36
19 57
31 24
47 43
41 35
18 91
35 79
86 80
58 57
55 68
85 66
59 52
54 46
76 44
32 52
72 30
74 43
77 28
39 47
47 68
84 52
11 55
13 30
94 20
81 37
19 57
64 78
16 67
13 85
8 19
6 14
66 64
97 63
94 72
72 24
38 67
71 52
38 64
29 24
19 97
18 81
51 47
92 74
67 48
29 72
63 79
94 24
38 61
10 15
68 79
40 38
74 24
8 81
77 66
13 61
34 21
78 35
69 20
36 80
72 5
70 4
4 12
70 93
57 21
26 75
95 60
32 80
22 11
49 64
17 61
44 30
28 67
88 20
72 59
49 52
45 4
87 100
59 52
71 99
49 89
58 99
11 43
87 52
55 93
38 78
73 87
71 60
74 24
68 17
85 32
94 32
81 14
36 61
38 5
28 60
70 79
83 5
88 37
3 79
54 39
65 68
50 71
66 37
32 35
67 60
64 43
96 79
38 32
36 60
17 79
72 70
75 37
63 21
75 3
62 46
29 81
49 13
99 12
89 72
28 70
43 61
73 6
41 12
8 95
13 75
45 19
96 99
88 89
42 76
64 97
78 30
83 55
3 50
32 57
67 74
11 18
57 61
74 96
82 63
36 63
71 52
78 59
83 100
84 20
70 31
96 71
83 91
74 79
78 100
36 57
70 100
20 99
92 65
28 100
58 3
16 79
9 67
44 66
41 52
87 36
80 30
58 28
38 28
37 5
54 46
67 30
46 55
24 99
32 63
68 28
32 64
10 49
13 55
20 67
65 21
32 97
69 34
11 70
21 52
69 64
73 85
26 14
43 52
93 99
16 93
51 58
81 64
23 9
84 80
24 100
41 43
47 85
47 87
20 36
18 47
12 100
42 46
13 89
55 99
80 99
87 32
64 24
35 52
26 61
13 18
15 36
52 61
52 61
2 92
91 37
46 61
51 64
55 28
36 21
89 67
64 100
48 96
37 67
16 5
28 15
15 3
73 42
28 4
13 21
20 12
68 14
32 5
14 69
64 43
71 24
76 70
15 21
57 52
50 99
93 61
97 67
6 14
58 64
45 19
13 74
68 36
67 59
51 76
87 61
55 19
88 28
10 95
98 57
83 28
81 87
83 99
59 79
16 30
83 43
98 24
8 21
90 49
76 78
87 24
69 64
70 3
5 96
4 96
64 4
16 30
87 19
63 3
47 78
91 14
69 67
53 87
11 85
87 31
80 52
63 50
57 93
94 64
93 61
95 9
93 3
97 70
17 60
23 84
81 44
90 61
29 85
94 87
26 98
23 63
59 61
31 43
91 5
45 63
21 100
32 52
96 99
20 57
45 79
23 11
61 100
94 14
32 20
50 71
83 30
52 100
73 46
95 23
89 96
97 100
87 96
51 5
55 88
48 100
19 5
45 12
69 59
66 72
12 61
26 14
49 36
64 67
63 70
9 63
45 71
66 89
97 60
64 5
52 100
8 9
13 3
84 64
91 28
9 44
75 69
4 71
89 28
81 47
81 85
71 35
71 61
42 37
36 30
47 97
28 36
30 17
8 10
16 52
24 100
63 59
10 95
37 68
10 28
86 36
9 76
63 100
60 12
4 100
76 40
24 100
12 61
86 24
85 66
6 37
38 72
26 45
88 78
43 100
86 5
42 44
31 100
52 60
95 88
45 36
96 52
80 4
55 19
80 24
32 78
27 59
20 35
14 97
79 99
28 19
55 72
11 57
63 4
63 52
19 67
64 63
74 4
98 93
67 3
58 72
41 59
19 30
72 19
70 52
45 69
99 61
41 30
90 83
53 66
98 3
26 36
44 100
26 68
26 70
68 5
10 70
26 52
18 98
31 43
75 66
10 85
98 63
50 79
65 32
17 60
19 69
47 72
33 23
52 100
6 83
29 19
50 24
62 5
66 45
99 61
27 64
86 63
6 10
30 52
72 99
70 93
27 36
88 19
21 3
34 5
65 90
64 60
4 3
61 100
82 18
80 3
89 64
27 93
41 59
20 97
73 54
12 100
14 71
43 52
72 67
39 62
3 96
68 14
98 63
58 96
31 61
89 5
55 47
47 85
55 85
35 79
51 76
83 24
91 36
60 12
95 28
37 58
52 12
40 75
9 72
57 50
34 70
63 79
89 72
91 58
31 100
14 19
50 24
70 100
34 52
14 32
68 52
96 61
71 24
85 58
48 3
97 74
36 35
68 20
69 30
51 81
34 36
3 100
54 81
70 74
67 71
70 21
42 46
53 93
23 11
33 8
34 99
95 3
5 3
64 97
45 78
37 19
69 64
42 55
38 70
12 61
85 35
77 3
9 72
83 85
10 23
55 52
86 45
30 59
38 5
39 25
70 35
87 19
26 67
74 71
80 61
29 46
24 100
45 59
28 71
14 78
78 70
66 37
89 3
72 52
81 77
49 18
30 71
32 70
83 78
26 75
85 97
35 99
53 99
81 52
50 43
63 52
48 59
75 72
60 12
23 5
78 96
46 44
88 72
