[18, 20] 10
[18, 21] 10
[18, 22] 10
[15, 17] 10
[19, 21] 10
[19, 22] 10
[15, 18] 10
[20, 22] 10
[15, 19] 10
[12, 14] 10
[16, 18] 10
[16, 19] 10
[16, 20] 10
[12, 15] 10
[17, 19] 10
[17, 20] 10
[17, 21] 10
[12, 16] 10
[9, 11] 10
[13, 15] 4
[13, 16] 10
[13, 17] 10
[9, 12] 10
[14, 16] 10
[14, 17] 10
[14, 18] 10
[9, 13] 10
[6, 8] 10
[10, 12] 10
[10, 13] 10
[10, 14] 10
[6, 9] 10
[11, 13] 10
[11, 14] 10
[11, 15] 10
[6, 10] 10
[3, 5] 10
[7, 9] 10
[7, 10] 10
[7, 11] 10
[3, 6] 10
[8, 10] 10
[8, 11] 10
[8, 12] 10
[3, 7] 10
[0, 2] 10
[4, 6] 10
[4, 7] 10
[4, 8] 10
[0, 3] 10
[5, 7] 10
[5, 8] 10
[5, 9] 10
[0, 4] 10
50
